[{"id": 0, "img_name": "00_133", "width": 800, "height": 800, "position": [2.4719560956055537, -2.4092677820589263, 2.0000002034928697], "rotation": [[0.6156609991035662, 0.3940054889917205, -0.6824378621772558], [0.788011156361768, -0.3078305842915818, 0.5331780618414849], [-4.5163632813667064e-08, -0.8660255391506846, -0.49999995892427596]], "fy": 1111.1110311937682, "fx": 1111.1110311937682}, {"id": 1, "img_name": "00_056", "width": 800, "height": 800, "position": [-1.2788361375406905, 2.758256956210344, 1.9999997350698004], "rotation": [[-0.8987945323878294, -0.21918493804742453, 0.37963973805163176], [-0.4383700418881458, 0.44939715419835385, -0.7783790606600723], [6.60047133514932e-08, -0.8660256077914674, -0.4999998400349335]], "fy": 1111.1110311937682, "fx": 1111.1110311937682}, {"id": 2, "img_name": "00_045", "width": 800, "height": 800, "position": [-2.3158026947363264, 2.0595100773275608, 1.9999997984094888], "rotation": [[-0.6691310732462621, -0.37157218008140086, 0.6435822283784608], [-0.7431445389767475, 0.33456545812006877, -0.5794846076538528], [9.363174089580654e-08, -0.8660255973822565, -0.4999998580642271]], "fy": 1111.1110311937682, "fx": 1111.1110311937682}, {"id": 3, "img_name": "00_041", "width": 800, "height": 800, "position": [-2.6158665464044684, 1.7146468312633856, 1.99999982967046], "rotation": [[-0.5591932401135207, -0.4145186087874874, 0.7179676292287224], [-0.8290373946486987, 0.27959655399675887, -0.48427562589031076], [1.0141771764104727e-07, -0.8660255923994657, -0.4999998666946779]], "fy": 1111.1110311937682, "fx": 1111.1110311937682}, {"id": 4, "img_name": "00_085", "width": 800, "height": 800, "position": [1.880680313610108, 2.424702624647052, 1.9999997653056665], "rotation": [[-0.8480468157004863, 0.2649605046568905, -0.4589250517122731], [0.5299209782634416, 0.42402324129854085, -0.7344303169940865], [-2.176841630567663e-08, -0.8660256054913851, -0.4999998440187786]], "fy": 1111.1110311937682, "fx": 1111.1110311937682}, {"id": 5, "img_name": "00_137", "width": 800, "height": 800, "position": [2.1485693154644117, -2.7323575958897734, 2.0000002327801525], "rotation": [[0.7193388037425249, 0.34732961066357065, -0.6015928618303721], [0.6946593997054814, -0.35966947413770295, 0.622965699431861], [-3.670152854184266e-08, -0.8660255344516187, -0.49999996706330074]], "fy": 1111.1110311937682, "fx": 1111.1110311937682}, {"id": 6, "img_name": "00_130", "width": 800, "height": 800, "position": [2.6832323286516973, -2.139102129031394, 2.000000179003016], "rotation": [[0.529919153555991, 0.424023945561377, -0.7344313555181899], [0.848048067220063, -0.26495967080637806, 0.4589234261451298], [-5.06058311936077e-08, -0.8660255430368275, -0.4999999521932754]], "fy": 1111.1110311937682, "fx": 1111.1110311937682}, {"id": 7, "img_name": "00_121", "width": 800, "height": 800, "position": [3.133052115992032, -1.2179147973361775, 2.000000095499683], "rotation": [[0.24192373062076888, 0.4851476303803544, -0.8403006652738557], [0.9702954186442317, -0.12096198578729556, 0.20951201523004095], [-6.168722988825396e-08, -0.8660255560898574, -0.4999999295847551]], "fy": 1111.1110311937682, "fx": 1111.1110311937682}, {"id": 8, "img_name": "00_174", "width": 800, "height": 800, "position": [-1.7857663314614525, -3.0056738199951836, 2.000000257555563], "rotation": [[0.8660297517647395, -0.2499963171256074, 0.43300630681080804], [-0.4999925970721863, -0.43301486693234065, 0.7500039064865837], [7.159064426640685e-08, -0.866025527803047, -0.49999997857898854]], "fy": 1111.1110311937682, "fx": 1111.1110311937682}, {"id": 9, "img_name": "00_034", "width": 800, "height": 800, "position": [-3.0155047422243335, 1.023188422994334, 1.9999998923493882], "rotation": [[-0.3420202045560718, -0.46984622851719654, 0.8137978694213747], [-0.939692622827774, 0.17101005726745863, -0.29619821451770284], [1.1144833031973135e-07, -0.8660255825563788, -0.4999998837434118]], "fy": 1111.1110311937682, "fx": 1111.1110311937682}, {"id": 10, "img_name": "00_077", "width": 800, "height": 800, "position": [1.0682425909098459, 2.8391336464101236, 1.9999997277385626], "rotation": [[-0.9612610898172859, 0.1378195792510037, -0.23871041614139607], [0.2756390801154337, 0.48063038604711955, -0.8324767534697767], [1.281596935204317e-09, -0.866025610622676, -0.4999998351311229]], "fy": 1111.1110311937682, "fx": 1111.1110311937682}, {"id": 11, "img_name": "00_152", "width": 800, "height": 800, "position": [0.6237912613413265, -3.4751785485900077, 2.0000003001150266], "rotation": [[0.9702946071978912, 0.12096302994320056, -0.20951435999053933], [0.2419262081302832, -0.48514733210657074, 0.8402998788571494], [4.337583409191914e-09, -0.866025523077364, -0.49999998676410196]], "fy": 1111.1110311937682, "fx": 1111.1110311937682}, {"id": 12, "img_name": "00_139", "width": 800, "height": 800, "position": [1.9707670534056567, -2.87620431104667, 2.000000245819463], "rotation": [[0.7660434234010743, 0.32139436953226663, -0.556671700270285], [0.6427889161383212, -0.38302177776066687, 0.66341309855453], [-3.199961130987738e-08, -0.8660255323347965, -0.4999999707297466]], "fy": 1111.1110311937682, "fx": 1111.1110311937682}, {"id": 13, "img_name": "00_058", "width": 800, "height": 800, "position": [-1.0652849960611475, 2.8401192496448613, 1.9999997276492782], "rotation": [[-0.9271843887814019, -0.18730278536086897, 0.3244182167963133], [-0.3746057314385998, 0.4635920766941636, -0.8029654073713081], [6.022463369942902e-08, -0.8660256090781869, -0.4999998378062683]], "fy": 1111.1110311937682, "fx": 1111.1110311937682}, {"id": 14, "img_name": "00_179", "width": 800, "height": 800, "position": [-2.23567915695089, -2.6538363654032096, 2.0000002256624603], "rotation": [[0.7660506434103711, -0.3213901498283667, 0.5566641113063517], [-0.6427802934144856, -0.38302531085576413, 0.6634194531872668], [8.45340067276662e-08, -0.8660255323344631, -0.499999970730345]], "fy": 1111.1110311937682, "fx": 1111.1110311937682}, {"id": 15, "img_name": "00_009", "width": 800, "height": 800, "position": [-2.920124084899863, -1.7446861614564417, 2.000000143250242], "rotation": [[0.49999993208568216, -0.4330127298253715, 0.7500002033038995], [-0.8660255149072811, -0.249999959514802, 0.43301275111385706], [1.0477061549032732e-07, -0.8660255443928826, -0.4999999498445472]], "fy": 1111.1110311937682, "fx": 1111.1110311937682}, {"id": 16, "img_name": "00_102", "width": 800, "height": 800, "position": [3.0595789011243135, 0.9143423292278634, 1.9999999022160324], "rotation": [[-0.40673412532642045, 0.456773244935671, -0.7911546532663293], [0.9135465626019392, 0.2033669024829621, -0.35224227177115885], [-5.654310253315426e-08, -0.8660255854894418, -0.49999987866316553]], "fy": 1111.1110311937682, "fx": 1111.1110311937682}, {"id": 17, "img_name": "00_141", "width": 800, "height": 800, "position": [1.783364517214607, -3.007296880312294, 2.0000002577026863], "rotation": [[0.8090157020949372, 0.29389343792940337, -0.5090386816909852], [0.5877870507652992, -0.4045079109619341, 0.7006281952021786], [-2.701382616874549e-08, -0.8660255303871306, -0.4999999741032047]], "fy": 1111.1110311937682, "fx": 1111.1110311937682}, {"id": 18, "img_name": "00_107", "width": 800, "height": 800, "position": [3.2167546047917033, 0.3652424136211583, 1.999999951990552], "rotation": [[-0.24191907838786614, 0.48514798585879915, -0.8403011924858786], [0.970296071709415, 0.12095938656935633, -0.20950823077511435], [-6.168731555790723e-08, -0.8660255780194097, -0.4999998916016438]], "fy": 1111.1110311937682, "fx": 1111.1110311937682}, {"id": 19, "img_name": "00_054", "width": 800, "height": 800, "position": [-1.4861584232097245, 2.6616976857161747, 1.9999997438226984], "rotation": [[-0.8660259092177238, -0.24999952683265614, 0.43301218298127275], [-0.49999922372742767, 0.43301284847749344, -0.7500005901105925], [7.159123999991267e-08, -0.8660256063062644, -0.49999984260738256]], "fy": 1111.1110311937682, "fx": 1111.1110311937682}, {"id": 20, "img_name": "00_057", "width": 800, "height": 800, "position": [-1.1727744542341254, 2.8010515069740936, 1.9999997311906024], "rotation": [[-0.9135458473515855, -0.2033676515394747, 0.3522433878804008], [-0.40673546643348535, 0.4567728088075943, -0.7911540791648379], [6.313711480976296e-08, -0.8660256084600487, -0.4999998388769158]], "fy": 1111.1110311937682, "fx": 1111.1110311937682}, {"id": 21, "img_name": "00_088", "width": 800, "height": 800, "position": [2.1508470632670607, 2.2134243827163846, 1.999999784457537], "rotation": [[-0.788009321921329, 0.3078315991431004, -0.53318000091179], [0.6156631858131569, 0.3940044932684675, -0.6824363188288096], [-2.9540722306483196e-08, -0.8660256027702556, -0.4999998487319129]], "fy": 1111.1110311937682, "fx": 1111.1110311937682}, {"id": 22, "img_name": "00_050", "width": 800, "height": 800, "position": [-1.8781048255049917, 2.4264384501626126, 1.999999765148335], "rotation": [[-0.7880112884163227, -0.3078303527229621, 0.53317813030222], [-0.6156608815432585, 0.3940055501797116, -0.682437924244267], [8.207566994537689e-08, -0.8660256027703543, -0.49999984873176234]], "fy": 1111.1110311937682, "fx": 1111.1110311937682}, {"id": 23, "img_name": "00_006", "width": 800, "height": 800, "position": [-2.748775616324319, -2.041785805362152, 2.0000001701815466], "rotation": [[0.587785216395117, -0.40450850180015413, 0.7006293998596643], [-0.8090170407778086, -0.2938925992473707, 0.5090370477558738], [9.960292965664011e-08, -0.8660255404141294, -0.4999999567359508]], "fy": 1111.1110311937682, "fx": 1111.1110311937682}, {"id": 24, "img_name": "00_158", "width": 800, "height": 800, "position": [-0.05862549069701033, -3.534569570966055, 2.000000305498622], "rotation": [[0.9993906761600998, 0.01745244815996747, -0.030228719648000398], [0.034905020535238966, -0.499695352269432, 0.8654978350703576], [2.3103531486335417e-08, -0.86602552175863, -0.49999998904822035]], "fy": 1111.1110311937682, "fx": 1111.1110311937682}, {"id": 25, "img_name": "00_080", "width": 800, "height": 800, "position": [1.3861798497527071, 2.710508375792907, 1.999999739398117], "rotation": [[-0.9271832140458657, 0.18730422885664377, -0.32442037784134437], [0.3746083965556281, 0.4635914445047723, -0.8029644494180744], [-7.68972103637656e-09, -0.8660256090781391, -0.49999983780633844]], "fy": 1111.1110311937682, "fx": 1111.1110311937682}, {"id": 26, "img_name": "00_004", "width": 800, "height": 800, "position": [-2.6176824410593835, -2.2291900058938348, 2.000000187169252], "rotation": [[0.6427875639651894, -0.3830222622939607, 0.6634141190863319], [-0.7660445494740061, -0.3213937719487472, 0.5566704839301274], [9.57075755239693e-08, -0.8660255379212192, -0.4999999610537988]], "fy": 1111.1110311937682, "fx": 1111.1110311937682}, {"id": 27, "img_name": "00_035", "width": 800, "height": 800, "position": [-2.9689381214493666, 1.1276495307843046, 1.9999998828802548], "rotation": [[-0.3746068367173931, -0.46359181862930054, 0.8029649161256909], [-0.9271838052887431, 0.18730337043463657, -0.3244190723052196], [1.1031444531662628e-07, -0.8660255840333261, -0.4999998811852629]], "fy": 1111.1110311937682, "fx": 1111.1110311937682}, {"id": 28, "img_name": "00_011", "width": 800, "height": 800, "position": [-3.016683499465692, -1.5373646240326382, 2.0000001244570837], "rotation": [[0.4383710021804843, -0.4493970497515593, 0.7783786984576585], [-0.8987941664879877, -0.21918549669659082, 0.3796405243655804], [1.0774101649659873e-07, -0.8660255471861334, -0.49999994500649364]], "fy": 1111.1110311937682, "fx": 1111.1110311937682}, {"id": 29, "img_name": "00_162", "width": 800, "height": 800, "position": [-0.5139961953860743, -3.494521234239257, 2.000000301868316], "rotation": [[0.9945225624165549, -0.05226118180714685, 0.090518869990592], [-0.10452225850919478, -0.49726128737986663, 0.8612819351290717], [3.574226040403764e-08, -0.8660255219792754, -0.4999999886660535]], "fy": 1111.1110311937682, "fx": 1111.1110311937682}, {"id": 30, "img_name": "00_120", "width": 800, "height": 800, "position": [3.1646268281381817, -1.1079898660057457, 2.0000000855353264], "rotation": [[0.2079134902831268, 0.48907349125198424, -0.8471004517801544], [0.9781471373615038, -0.10395686834793001, 0.18005827672484742], [-6.2398993862782e-08, -0.8660255576313208, -0.49999992691486095]], "fy": 1111.1110311937682, "fx": 1111.1110311937682}, {"id": 31, "img_name": "00_096", "width": 800, "height": 800, "position": [2.748878211815312, 1.524826309117522, 1.999999846877208], "rotation": [[-0.5877832777802889, 0.40450929220982507, -0.7006307688901715], [0.8090186215975914, 0.2938914729339366, -0.5090354595134355], [-4.7067902676865726e-08, -0.8660255936952641, -0.49999986445026146]], "fy": 1111.1110311937682, "fx": 1111.1110311937682}, {"id": 32, "img_name": "00_101", "width": 800, "height": 800, "position": [3.0167844687997865, 1.0204038884489608, 1.9999998926018285], "rotation": [[-0.43836866059437324, 0.44939760961921954, -0.7783796681776614], [0.8987952862237618, 0.21918416889756526, -0.37963858713967225], [-5.5205923057433344e-08, -0.866025586923235, -0.49999987617976255]], "fy": 1111.1110311937682, "fx": 1111.1110311937682}, {"id": 33, "img_name": "00_046", "width": 800, "height": 800, "position": [-2.2334948002320383, 2.138920248304084, 1.9999997912111538], "rotation": [[-0.6946588888055953, -0.35966956309251324, 0.6229662889074178], [-0.7193393048899924, 0.3473293627794579, -0.6015923506431724], [9.147387507325551e-08, -0.8660255985392726, -0.49999985606021496]], "fy": 1111.1110311937682, "fx": 1111.1110311937682}, {"id": 34, "img_name": "00_010", "width": 800, "height": 800, "position": [-2.9702130867074668, -1.641867990918854, 2.0000001339300226], "rotation": [[0.4694714237305205, -0.4414738083264993, 0.7646552315524622], [-0.8829476778109628, -0.23473570635322827, 0.40657428350856756], [1.0630456042568602e-07, -0.8660255457765501, -0.4999999474479641]], "fy": 1111.1110311937682, "fx": 1111.1110311937682}, {"id": 35, "img_name": "00_052", "width": 800, "height": 800, "position": [-1.6862391701104433, 2.5509115695318934, 1.99999975386515], "rotation": [[-0.8290380926767078, -0.2795959907833764, 0.48427477234280336], [-0.5591921550691157, 0.4145189462057513, -0.7179681903968279], [7.695692864649192e-08, -0.8660256046298436, -0.4999998455110304]], "fy": 1111.1110311937682, "fx": 1111.1110311937682}, {"id": 36, "img_name": "00_131", "width": 800, "height": 800, "position": [2.615965344050617, -2.2315974750657332, 2.0000001873875237], "rotation": [[0.5591925577239655, 0.4145187420412051, -0.7179678600308593], [0.8290376611560718, -0.2795963698080748, 0.48427494427604245], [-4.88825872950971e-08, -0.8660255417100424, -0.49999995449133616]], "fy": 1111.1110311937682, "fx": 1111.1110311937682}, {"id": 37, "img_name": "00_109", "width": 800, "height": 800, "position": [3.252427232278222, 0.13933683330233965, 1.9999999724683077], "rotation": [[-0.1736452762372907, 0.49240388867889706, -0.8528688014407584], [0.9848078874469629, 0.0868224891621636, -0.15038137328436732], [-6.300278093707539e-08, -0.8660255749249887, -0.4999998969613397]], "fy": 1111.1110311937682, "fx": 1111.1110311937682}, {"id": 38, "img_name": "00_167", "width": 800, "height": 800, "position": [-1.0681171543968115, -3.3560966535196584, 2.0000002893205044], "rotation": [[0.9612637479023968, -0.13781527464605706, 0.23870296034398236], [-0.2756304709040699, -0.4806318720960555, 0.8324789647913281], [5.1252785383271116e-08, -0.866025523486686, -0.4999999860551435]], "fy": 1111.1110311937682, "fx": 1111.1110311937682}, {"id": 39, "img_name": "00_014", "width": 800, "height": 800, "position": [-3.13383761786702, -1.2150243569473786, 2.0000000952377164], "rotation": [[0.3420199904090316, -0.4698463058806775, 0.8137978783079625], [-0.9396926957094179, -0.17100999476587314, 0.2961980874113153], [1.1144834611181157e-07, -0.8660255515531262, -0.49999993744263854]], "fy": 1111.1110311937682, "fx": 1111.1110311937682}, {"id": 40, "img_name": "00_115", "width": 800, "height": 800, "position": [3.264066442330696, -0.5455645365736493, 2.000000034552908], "rotation": [[0.034902511144645536, 0.49969534550377437, -0.8654980174146798], [0.9993908279872985, -0.01745139154484163, 0.030226342664241235], [-6.432465900180426e-08, -0.8660255654728197, -0.4999999133329817]], "fy": 1111.1110311937682, "fx": 1111.1110311937682}, {"id": 41, "img_name": "00_125", "width": 800, "height": 800, "position": [2.969034668507416, -1.644604885511823, 2.0000001341780766], "rotation": [[0.37460760070451155, 0.46359165618683196, -0.8029646347671384], [0.927183480403867, -0.18730390943417874, 0.32441964329017403], [-5.777925708779707e-08, -0.8660255500761284, -0.49999994000084375]], "fy": 1111.1110311937682, "fx": 1111.1110311937682}, {"id": 42, "img_name": "00_012", "width": 800, "height": 800, "position": [-3.059478241877039, -1.4313033551693972, 2.000000114842841], "rotation": [[0.40673656911967865, -0.45677273829980675, 0.791153775746544], [-0.9135455493297856, -0.20336828138552593, 0.35224429751109154], [1.0907816038133829e-07, -0.8660255486199321, -0.49999994252308094]], "fy": 1111.1110311937682, "fx": 1111.1110311937682}, {"id": 43, "img_name": "00_118", "width": 800, "height": 800, "position": [3.2161768801338297, -0.8851727709925106, 2.000000065337507], "rotation": [[0.1391755636364978, 0.49513377668254926, -0.85759716493024], [0.9902677016087932, -0.06958791031682207, 0.12052947343996029], [-6.349767090048825e-08, -0.8660255607467806, -0.49999992151872463]], "fy": 1111.1110311937682, "fx": 1111.1110311937682}, {"id": 44, "img_name": "00_027", "width": 800, "height": 800, "position": [-3.2359927951202723, 0.2555891155016085, 1.9999999619303377], "rotation": [[-0.10452854550298261, -0.497260890202733, 0.8612814284939836], [-0.9945219250689559, 0.052264246800564615, -0.0905243600117597], [1.1641847661933296e-07, -0.8660255717923694, -0.4999999023872301]], "fy": 1111.1110311937682, "fx": 1111.1110311937682}, {"id": 45, "img_name": "00_048", "width": 800, "height": 800, "position": [-2.060819547375912, 2.288884833232005, 1.9999997776172278], "rotation": [[-0.7431454271647151, -0.3345648731311162, 0.5794836849703395], [-0.6691299240965622, 0.3715726257336863, -0.6435829367981879], [8.692251667025579e-08, -0.8660256007368657, -0.49999985225387006]], "fy": 1111.1110311937682, "fx": 1111.1110311937682}, {"id": 46, "img_name": "00_043", "width": 800, "height": 800, "position": [-2.471855783896439, 1.892317973901521, 1.9999998135650339], "rotation": [[-0.615661966416603, -0.39400512681324895, 0.6824372348657126], [-0.7880104320048402, 0.3078309109419529, -0.5331789902068156], [9.769873052813633e-08, -0.8660255949588368, -0.4999998622617151]], "fy": 1111.1110311937682, "fx": 1111.1110311937682}, {"id": 47, "img_name": "00_029", "width": 800, "height": 800, "position": [-3.1922502219371625, 0.4800718331347546, 1.999999941581517], "rotation": [[-0.17364829112443403, -0.49240376119300466, 0.8528686441486313], [-0.9848076740287814, 0.08682411443765245, -0.1503838281024108], [1.1553791718241487e-07, -0.866025574925139, -0.49999989696111247]], "fy": 1111.1110311937682, "fx": 1111.1110311937682}, {"id": 48, "img_name": "00_007", "width": 800, "height": 800, "position": [-2.809337797748723, -1.944766852312611, 2.0000001613870144], "rotation": [[0.5591928640496903, -0.4145188005404291, 0.7179677568018848], [-0.8290376443398588, -0.2795964237766653, 0.48427534101433906], [1.014177398190433e-07, -0.866025541710043, -0.49999995449136253]], "fy": 1111.1110311937682, "fx": 1111.1110311937682}, {"id": 49, "img_name": "00_069", "width": 800, "height": 800, "position": [0.17304458814600515, 3.013571066202694, 1.9999997119262078], "rotation": [[-0.9999997079379335, 8.329579725894938e-07, -1.2598260993463517e-06], [1.5462663247530703e-06, 0.4999997090235601, -0.8660253655796885], [2.6267443897031878e-08, -0.8660256123784633, -0.49999983209001375]], "fy": 1111.1110311937682, "fx": 1111.1110311937682}, {"id": 50, "img_name": "00_171", "width": 800, "height": 800, "position": [-1.4888247031482917, -3.1772919351648388, 2.0000002731123288], "rotation": [[0.9135487373910712, -0.2033646900113135, 0.3522379241859254], [-0.4067293247647071, -0.4567743621677089, 0.7911565558570657], [6.313656930927133e-08, -0.866025525649306, -0.49999998230937664]], "fy": 1111.1110311937682, "fx": 1111.1110311937682}, {"id": 51, "img_name": "00_015", "width": 800, "height": 800, "position": [-3.165311546113322, -1.1050707288757244, 2.0000000852706865], "rotation": [[0.30901688131706867, -0.4755282441932781, 0.8236392934199964], [-0.951056577793526, -0.15450844173284958, 0.26761655184385785], [1.1247844681785295e-07, -0.8660255530489519, -0.49999993485179167]], "fy": 1111.1110311937682, "fx": 1111.1110311937682}, {"id": 52, "img_name": "00_112", "width": 800, "height": 800, "position": [3.2761943561227476, -0.20280972364427943, 2.000000003483018], "rotation": [[-0.06975326567140744, 0.49878207487176945, -0.863916166617842], [0.9975642739585343, 0.03487649001888732, -0.06040823629561786], [-6.415909371686757e-08, -0.8660255702162154, -0.4999999051171768]], "fy": 1111.1110311937682, "fx": 1111.1110311937682}, {"id": 53, "img_name": "00_135", "width": 800, "height": 800, "position": [2.3159034116866084, -2.576460010584546, 2.000000218648362], "rotation": [[0.6691301218404482, 0.3715726084059852, -0.6435829702584824], [0.7431453956259294, -0.3345651394233111, 0.5794836930645765], [-4.109666085734368e-08, -0.866025536727273, -0.49999996312174966]], "fy": 1111.1110311937682, "fx": 1111.1110311937682}, {"id": 54, "img_name": "00_103", "width": 800, "height": 800, "position": [3.0986460338290875, 0.8068515502682995, 1.9999999119597796], "rotation": [[-0.37460396137636803, 0.4635924219324797, -0.802965824047148], [0.9271849222522658, 0.18730182182681396, -0.3244167292009129], [-5.777939008149627e-08, -0.8660255840331863, -0.4999998811854745]], "fy": 1111.1110311937682, "fx": 1111.1110311937682}, {"id": 55, "img_name": "00_143", "width": 800, "height": 800, "position": [1.5872733421437049, -3.1249980873526106, 2.000000268372004], "rotation": [[0.8480467374382354, 0.26496062430233835, -0.45892556915978755], [0.5299214204917698, -0.4240234225784605, 0.7344300745451159], [-2.176845288072335e-08, -0.8660255286180988, -0.49999997716725975]], "fy": 1111.1110311937682, "fx": 1111.1110311937682}, {"id": 56, "img_name": "00_138", "width": 800, "height": 800, "position": [2.060923319608567, -2.805833045578305, 2.0000002394404626], "rotation": [[0.7431439161456511, 0.33456576089137424, -0.5794852226164691], [0.6691316996171632, -0.3715720272304008, 0.6435815375694501], [-3.4387514415646764e-08, -0.8660255333726907, -0.49999996893206006]], "fy": 1111.1110311937682, "fx": 1111.1110311937682}, {"id": 57, "img_name": "00_028", "width": 800, "height": 800, "position": [-3.2160809481757178, 0.36821125663037824, 1.999999951721381], "rotation": [[-0.13917290210955913, -0.4951339897398186, 0.8575975339559115], [-0.990268127723084, 0.06958642254751694, -0.1205272591369789], [1.1603287878382821e-07, -0.8660255733625878, -0.49999989966753133]], "fy": 1111.1110311937682, "fx": 1111.1110311937682}, {"id": 58, "img_name": "00_146", "width": 800, "height": 800, "position": [1.2789468696284125, -3.2752044969009098, 2.0000002819878318], "rotation": [[0.8987927078614747, 0.21918687588543942, -0.37964309448629435], [0.4383739175644726, -0.4493963989415775, 0.7783773899258318], [-1.346990562281183e-08, -0.8660255263181031, -0.49999998115097183]], "fy": 1111.1110311937682, "fx": 1111.1110311937682}, {"id": 59, "img_name": "00_122", "width": 800, "height": 800, "position": [3.097659424516838, -1.3266691006375864, 2.000000105358019], "rotation": [[0.2756387555696135, 0.48063052672373663, -0.8324768158338784], [0.9612612141644616, -0.13781949548115094, 0.238710089752676], [-6.086833010707989e-08, -0.8660255545617634, -0.49999993223149247]], "fy": 1111.1110311937682, "fx": 1111.1110311937682}, {"id": 60, "img_name": "00_019", "width": 800, "height": 800, "position": [-3.252329648526905, -0.6562985953428867, 2.00000004459064], "rotation": [[0.17364802494935203, -0.49240384311742647, 0.8528687225254817], [-0.9848077963237061, -0.08682402052405369, 0.15038366309185436], [1.155379155421989e-07, -0.8660255591843715, -0.49999992422492995]], "fy": 1111.1110311937682, "fx": 1111.1110311937682}, {"id": 61, "img_name": "00_095", "width": 800, "height": 800, "position": [2.6849668094915087, 1.619672547573608, 1.9999998382796091], "rotation": [[-0.6156594935790627, 0.394006132689174, -0.6824387518858365], [0.7880122964294853, 0.30782958023787155, -0.5331769736135229], [-4.516374267688806e-08, -0.8660255949587233, -0.4999998622618857]], "fy": 1111.1110311937682, "fx": 1111.1110311937682}, {"id": 62, "img_name": "00_065", "width": 800, "height": 800, "position": [-0.28402077618948746, 3.005804899803107, 1.9999997126302564], "rotation": [[-0.9902682601880788, -0.0695858295780324, 0.12052641302842228], [-0.13917179613532546, 0.49513399412124504, -0.8575976719304869], [3.8883155151027706e-08, -0.8660256119373877, -0.49999983285398153]], "fy": 1111.1110311937682, "fx": 1111.1110311937682}, {"id": 63, "img_name": "00_032", "width": 800, "height": 800, "position": [-3.0975634610941345, 0.8097119984098881, 1.9999999117004896], "rotation": [[-0.2756374280357173, -0.48063077282949757, 0.832477242101467], [-0.9612617063758931, 0.13781867470827255, -0.23870903072178426], [1.1340351393332847e-07, -0.8660255795476632, -0.49999988895466196]], "fy": 1111.1110311937682, "fx": 1111.1110311937682}, {"id": 64, "img_name": "00_140", "width": 800, "height": 800, "position": [1.8782097844912418, -2.943386456041392, 2.00000025190934], "rotation": [[0.7880096887811303, 0.30783141259384367, -0.5331799660527518], [0.6156630012851207, -0.39400490736840044, 0.6824364482716608], [-2.9540709293625152e-08, -0.8660255313392052, -0.49999997245416195]], "fy": 1111.1110311937682, "fx": 1111.1110311937682}, {"id": 65, "img_name": "00_127", "width": 800, "height": 800, "position": [2.865111550772337, -1.8483333938809983, 2.0000001526455713], "rotation": [[0.4383718377784378, 0.4493967987596162, -0.778378424082985], [0.8987937694062483, -0.2191860220360819, 0.37964110550182584], [-5.520579087810859e-08, -0.8660255471860917, -0.49999994500653605]], "fy": 1111.1110311937682, "fx": 1111.1110311937682}, {"id": 66, "img_name": "00_093", "width": 800, "height": 800, "position": [2.547413601928712, 1.8023883486696233, 1.999999821716901], "rotation": [[-0.6691288937372304, 0.37157326272200436, -0.6435838587998799], [0.7431465441355707, 0.3345642794484075, -0.5794828379766189], [-4.1096771517762995e-08, -0.8660255973821532, -0.49999985806438135]], "fy": 1111.1110311937682, "fx": 1111.1110311937682}, {"id": 67, "img_name": "00_002", "width": 800, "height": 800, "position": [-2.4738355366086693, -2.4069931704758853, 2.0000002032866564], "rotation": [[0.6946583405455814, -0.35966991781462454, 0.6229666491982758], [-0.7193398481026693, -0.3473291595866284, 0.6015918992471733], [9.147391322719483e-08, -0.8660255355702424, -0.4999999651258106]], "fy": 1111.1110311937682, "fx": 1111.1110311937682}, {"id": 68, "img_name": "00_089", "width": 800, "height": 800, "position": [2.235804243546069, 2.1368559351734384, 1.9999997913981982], "rotation": [[-0.7660426524362993, 0.32139453778389043, -0.5566717114722171], [0.6427890693276593, 0.38302115836266315, -0.6634126234475259], [-3.199963834538346e-08, -0.8660256017746577, -0.4999998504563393]], "fy": 1111.1110311937682, "fx": 1111.1110311937682}, {"id": 69, "img_name": "00_126", "width": 800, "height": 800, "position": [2.9188509110200007, -1.7473752226935826, 2.000000143493982], "rotation": [[0.406737235752579, 0.4567724295650062, -0.7911533897863299], [0.9135450291921481, -0.20336872400750527, 0.35224472998030176], [-5.654296164722068e-08, -0.8660255486198881, -0.4999999425231265]], "fy": 1111.1110311937682, "fx": 1111.1110311937682}, {"id": 70, "img_name": "00_104", "width": 800, "height": 800, "position": [3.1339382419279196, 0.6980628396174233, 1.9999999218212148], "rotation": [[-0.34201740911702794, 0.4698468166780855, -0.8137987630357858], [0.939693717304681, 0.1710085471139332, -0.29619594259396037], [-5.8913274927033e-08, -0.86602558255624, -0.4999998837436218]], "fy": 1111.1110311937682, "fx": 1111.1110311937682}, {"id": 71, "img_name": "00_176", "width": 800, "height": 800, "position": [-1.9730499149677705, -2.874410357590068, 2.000000245656821], "rotation": [[0.8290426362250531, -0.27959275464989564, 0.4842688639304073], [-0.5591854844120902, -0.4145213080787844, 0.7179721232435415], [7.695632152327741e-08, -0.866025529479447, -0.49999997567537824]], "fy": 1111.1110311937682, "fx": 1111.1110311937682}, {"id": 72, "img_name": "00_053", "width": 800, "height": 800, "position": [-1.5871649469402922, 2.6080507390080494, 1.9999997486856411], "rotation": [[-0.8480485744189782, -0.2649590429776743, 0.45892283022453567], [-0.5299182578422132, 0.424024184062484, -0.7344317560651114], [7.430334343778382e-08, -0.8660256054914675, -0.49999984401865344]], "fy": 1111.1110311937682, "fx": 1111.1110311937682}, {"id": 73, "img_name": "00_164", "width": 800, "height": 800, "position": [-0.7384774786816517, -3.450780781303068, 2.0000002979034774], "rotation": [[0.9848089345360145, -0.08682082043368004, 0.15037794142307548], [-0.17364154610939445, -0.4924044699499661, 0.8528696904558484], [4.200775437529326e-08, -0.8660255224195162, -0.4999999879035351]], "fy": 1111.1110311937682, "fx": 1111.1110311937682}, {"id": 74, "img_name": "00_036", "width": 800, "height": 800, "position": [-2.918754302435534, 1.2304211228530122, 1.9999998735642714], "rotation": [[-0.4067368223189277, -0.4567726011243858, 0.7911536869359298], [-0.9135453723109126, 0.20336836028470073, -0.35224446258359843], [1.0907815588821328e-07, -0.8660255854895766, -0.49999987866296197]], "fy": 1111.1110311937682, "fx": 1111.1110311937682}, {"id": 75, "img_name": "00_123", "width": 800, "height": 800, "position": [3.0584931839978227, -1.4341234751648921, 2.000000115098475], "rotation": [[0.30901838195633596, 0.47552793839673263, -0.8236388768033001], [0.95105604014821, -0.15450930584615538, 0.2676177006361488], [-5.994323506705178e-08, -0.8660255530488746, -0.4999999348518939]], "fy": 1111.1110311937682, "fx": 1111.1110311937682}, {"id": 76, "img_name": "00_129", "width": 800, "height": 800, "position": [2.747230710207897, -2.0443158185078363, 2.0000001704109236], "rotation": [[0.5000002075281155, 0.43301261199326496, -0.7500001821126289], [0.8660253988929453, -0.25000020085581975, 0.43301285233687975], [-5.2235413368298283e-08, -0.8660255443928578, -0.49999994984456103]], "fy": 1111.1110311937682, "fx": 1111.1110311937682}, {"id": 77, "img_name": "00_148", "width": 800, "height": 800, "position": [1.0653969202410345, -3.357066830712672, 2.0000002894084536], "rotation": [[0.9271825330395246, 0.1873048966853518, -0.3244218737184088], [0.37460995408787273, -0.46359130582964203, 0.8029637096036037], [-7.68985730120874e-09, -0.8660255250313695, -0.49999998337966184]], "fy": 1111.1110311937682, "fx": 1111.1110311937682}, {"id": 78, "img_name": "00_172", "width": 800, "height": 800, "position": [-1.5897824908535914, -3.1235532235970433, 2.0000002682410076], "rotation": [[0.8987976664442218, -0.2191819293624994, 0.37963419807519394], [-0.43836380943577563, -0.449398825781835, 0.7783817536931612], [6.600414856926507e-08, -0.8660255263178861, -0.49999998115136246]], "fy": 1111.1110311937682, "fx": 1111.1110311937682}, {"id": 79, "img_name": "00_071", "width": 800, "height": 800, "position": [0.40087006006088893, 2.993532806135408, 1.9999997137426266], "rotation": [[-0.9975636141623093, 0.03487911675864642, -0.060412239740012044], [0.06975812342872811, 0.4987816581244279, -0.8639156516016187], [1.9944183831383403e-08, -0.8660256122680501, -0.499999832281254]], "fy": 1111.1110311937682, "fx": 1111.1110311937682}, {"id": 80, "img_name": "00_017", "width": 800, "height": 800, "position": [-3.2166562779807353, -0.8822039064462641, 2.000000065068382], "rotation": [[0.24192172650930788, -0.4851478334822296, 0.8403009285613774], [-0.9702957669559401, -0.12096086763595745, 0.20951043346853485], [1.1422245186548315e-07, -0.8660255560899534, -0.499999929584621]], "fy": 1111.1110311937682, "fx": 1111.1110311937682}, {"id": 81, "img_name": "00_001", "width": 800, "height": 800, "position": [-2.39734641879329, -2.492021688112912, 2.000000210994295], "rotation": [[0.7193397738464964, -0.34732921484985224, 0.6015919131264204], [-0.6946584359402119, -0.35966987607377077, 0.6229666497119737], [8.923661029740828e-08, -0.8660255344515848, -0.49999996706338246]], "fy": 1111.1110311937682, "fx": 1111.1110311937682}, {"id": 82, "img_name": "00_144", "width": 800, "height": 800, "position": [1.4862663194507257, -3.1786453923247024, 2.0000002732349818], "rotation": [[0.8660241719900986, 0.25000103318304756, -0.4330147920572305], [0.5000022364284135, -0.4330121368700196, 0.7499989949793566], [-1.9056363010975064e-08, -0.866025527803297, -0.49999997857853884]], "fy": 1111.1110311937682, "fx": 1111.1110311937682}, {"id": 83, "img_name": "00_074", "width": 800, "height": 800, "position": [0.7386020130749983, 2.9338216318475836, 1.9999997191553383], "rotation": [[-0.9848074468106576, 0.08682494598329686, -0.15038508708722256], [0.1736497972098918, 0.49240356908082383, -0.8528684926957598], [1.0526664277201866e-08, -0.866025611689885, -0.4999998332826638]], "fy": 1111.1110311937682, "fx": 1111.1110311937682}, {"id": 84, "img_name": "00_016", "width": 800, "height": 800, "position": [-3.1929291729942277, -0.9940854726531564, 2.000000075210173], "rotation": [[0.2756372247400265, -0.48063085162000835, 0.8324772777425378], [-0.9612617979969629, -0.1378186150516348, 0.23870891643293524], [1.134035299337752e-07, -0.8660255545618397, -0.49999993223139255]], "fy": 1111.1110311937682, "fx": 1111.1110311937682}, {"id": 85, "img_name": "00_030", "width": 800, "height": 800, "position": [-3.164530619827764, 0.5910315415869032, 1.9999999315232961], "rotation": [[-0.20791179681678867, -0.4890736861734359, 0.8471007893938082], [-0.9781475272042478, 0.1039558646088316, -0.1800569007871211], [1.1493419846700495e-07, -0.8660255764780894, -0.4999998942713222]], "fy": 1111.1110311937682, "fx": 1111.1110311937682}, {"id": 86, "img_name": "00_175", "width": 800, "height": 800, "position": [-1.8805536046320201, -2.9416764983635724, 2.0000002517543853], "rotation": [[0.8480527689865544, -0.26495592158209413, 0.45891711359017223], [-0.5299118121119121, -0.42402637494776596, 0.7344353820438938], [7.430275038654255e-08, -0.8660255286178284, -0.4999999771677456]], "fy": 1111.1110311937682, "fx": 1111.1110311937682}, {"id": 87, "img_name": "00_082", "width": 800, "height": 800, "position": [1.5899093769966925, 2.6065837956534064, 1.9999997488186327], "rotation": [[-0.8987930876304294, 0.21918650379697402, -0.3796421212315682], [0.4383729583065002, 0.44939637936866833, -0.7783778789714862], [-1.3469811967755336e-08, -0.8660256077913898, -0.49999984003505366]], "fy": 1111.1110311937682, "fx": 1111.1110311937682}, {"id": 88, "img_name": "00_073", "width": 800, "height": 800, "position": [0.6267423106598966, 2.9576524072656802, 1.9999997169951358], "rotation": [[-0.9902679237879265, 0.06958737973573646, -0.12052873574119542], [0.1391746594802101, 0.49513380926911926, -0.8575974026666957], [1.3651751964653814e-08, -0.8660256119373748, -0.4999998328539995]], "fy": 1111.1110311937682, "fx": 1111.1110311937682}, {"id": 89, "img_name": "00_149", "width": 800, "height": 800, "position": [0.9566088412386602, -3.392359310899118, 2.0000002926075937], "rotation": [[0.9396913977949315, 0.17101172289127758, -0.29620126190805024], [0.34202360366620177, -0.4698457354267481, 0.8137967089568005], [-4.735992147298505e-09, -0.8660255244644258, -0.4999999843616374]], "fy": 1111.1110311937682, "fx": 1111.1110311937682}, {"id": 90, "img_name": "00_055", "width": 800, "height": 800, "position": [-1.3833392253334857, 2.711786637710401, 1.9999997392822353], "rotation": [[-0.882948067371974, -0.23473509846347823, 0.4065734119073406], [-0.46947036495695016, 0.4414739246038882, -0.7646556142460521], [6.882389035100159e-08, -0.8660256070732439, -0.49999984127893443]], "fy": 1111.1110311937682, "fx": 1111.1110311937682}, {"id": 91, "img_name": "00_161", "width": 800, "height": 800, "position": [-0.4007476788903078, -3.5104899128587572, 2.0000003033158134], "rotation": [[0.9975645318881913, -0.034875320274806464, 0.060405664034756015], [-0.06975053045990115, -0.49878227399378794, 0.8639163557276617], [3.259028582854469e-08, -0.8660255218414051, -0.49999998890485114]], "fy": 1111.1110311937682, "fx": 1111.1110311937682}, {"id": 92, "img_name": "00_075", "width": 800, "height": 800, "position": [0.8495620167626359, 2.906101786980348, 1.9999997216680665], "rotation": [[-0.9781472323177518, 0.10395674308254405, -0.18005824105375867], [0.2079133967583926, 0.48907346022707343, -0.8471005793384009], [7.420762439077745e-09, -0.8660256113880198, -0.4999998338055094]], "fy": 1111.1110311937682, "fx": 1111.1110311937682}, {"id": 93, "img_name": "00_111", "width": 800, "height": 800, "position": [3.272255508353806, -0.08850713780290428, 1.999999993121798], "rotation": [[-0.10452545946799233, 0.49726099415798214, -0.861281570313846], [0.9945221079661989, 0.05226258478884427, -0.09052184511815622], [-6.388332960923274e-08, -0.866025571792218, -0.4999999023874596]], "fy": 1111.1110311937682, "fx": 1111.1110311937682}, {"id": 94, "img_name": "00_169", "width": 800, "height": 800, "position": [-1.2815929072349963, -3.274039874714734, 2.000000281882221], "rotation": [[0.9396952345127542, -0.17100654152110384, 0.29619194376892755], [-0.3420130160560487, -0.46984761286294885, 0.8138000858830513], [5.72701881811998e-08, -0.8660255244642582, -0.49999998436193954]], "fy": 1111.1110311937682, "fx": 1111.1110311937682}, {"id": 95, "img_name": "00_157", "width": 800, "height": 800, "position": [0.0557432099129965, -3.534621514769703, 2.0000003055033306], "rotation": [[0.9975637072190591, 0.03488077451409917, -0.060415475966350975], [0.06976167765683779, -0.4987818700055887, 0.8639156304825596], [1.9943858973558594e-08, -0.866025521841435, -0.49999998890479735]], "fy": 1111.1110311937682, "fx": 1111.1110311937682}, {"id": 96, "img_name": "00_049", "width": 800, "height": 800, "position": [-1.9706631503878034, 2.359255902916284, 1.9999997712382365], "rotation": [[-0.7660449000849883, -0.32139346913728845, 0.556670140740208], [-0.6427871153483101, 0.38302235909637117, -0.6634144680481557], [8.453459573099466e-08, -0.8660256017747602, -0.49999985045618317]], "fy": 1111.1110311937682, "fx": 1111.1110311937682}, {"id": 97, "img_name": "00_037", "width": 800, "height": 800, "position": [-2.8650136891488924, 1.331379436694089, 1.9999998644126173], "rotation": [[-0.43837149423280086, -0.4493967685238902, 0.7783783717130631], [-0.8987937089347181, 0.2191856932572246, -0.3796408986299797], [1.0774098034099218e-07, -0.8660255869233842, -0.4999998761795335]], "fy": 1111.1110311937682, "fx": 1111.1110311937682}, {"id": 98, "img_name": "00_132", "width": 800, "height": 800, "position": [2.54551103379779, -2.321690275086472, 2.000000195554151], "rotation": [[0.5877850840776228, 0.4045084982353786, -0.7006296086970737], [0.8090171743051283, -0.29389262988743114, 0.509036804887615], [-4.7067774694462086e-08, -0.8660255404141304, -0.4999999567359224]], "fy": 1111.1110311937682, "fx": 1111.1110311937682}, {"id": 99, "img_name": "00_083", "width": 800, "height": 800, "position": [1.6889302073832337, 2.549353695656949, 1.9999997540063768], "rotation": [[-0.8829467308196516, 0.23473671382335295, -0.4065758868115542], [0.46947338438803615, 0.44147320015554664, -0.764654531197131], [-1.6288989659832648e-08, -0.8660256070731771, -0.4999998412790344]], "fy": 1111.1110311937682, "fx": 1111.1110311937682}, {"id": 100, "img_name": "00_159", "wi